1.22402677e+06 1.22368681e+06 1.22266749e+06 1.22097052e+06
 1.21859872e+06 1.21555603e+06 1.21184750e+06 1.20747927e+06
 1.20245857e+06 1.19679368e+06 1.19049391e+06 1.18356958e+06
 1.17603199e+06 1.16789339e+06 1.15916696e+06 1.14986673e+06
 1.14000761e+06 1.12960529e+06 1.11867623e+06 1.10723761e+06
 1.09530727e+06 1.08290371e+06 1.07004597e+06 1.05675364e+06
 1.04304681e+06 1.02894596e+06 1.01447199e+06 9.99646114e+05
 9.84489815e+05 9.69024813e+05 9.53273003e+05 9.37256401e+05
 9.20997098e+05 9.04517208e+05 8.87838821e+05 8.70983952e+05
 8.53974497e+05 8.36832183e+05 8.19578529e+05 8.02234797e+05
 7.84821957e+05 7.67360639e+05 7.49871104e+05 7.32373199e+05
 7.14886331e+05 6.97429428e+05 6.80020913e+05 6.62678674e+05
 6.45420040e+05 6.28261754e+05 6.11219955e+05 5.94310155e+05
 5.77547228e+05 5.60945387e+05 5.44518180e+05 5.28278471e+05
 5.12238440e+05 4.96409569e+05 4.80802646e+05 4.65427755e+05
 4.50294282e+05 4.35410916e+05 4.20785647e+05 4.06425780e+05
 3.92337937e+05 3.78528065e+05 3.65001451e+05 3.51762730e+05
 3.38815898e+05 3.26164329e+05 3.13810788e+05 3.01757451e+05
 2.90005918e+05 2.78557236e+05 2.67411914e+05 2.56569948e+05
 2.46030838e+05 2.35793609e+05 2.25856836e+05 2.16218662e+05
 2.06876822e+05 1.97828665e+05 1.89071179e+05 1.80601007e+05
 1.72414477e+05 1.64507619e+05 1.56876188e+05 1.49515689e+05
 1.42421393e+05 1.35588363e+05 1.29011472e+05 1.22685424e+05
 1.16604774e+05 1.10763947e+05 1.05157254e+05 9.97789147e+04
 9.46230714e+04 8.96838061e+04 8.49551570e+04 8.04311332e+04
 7.61057296e+04 7.19729403e+04 6.80267718e+04 6.42612551e+04
 6.06704577e+04 5.72484936e+04 5.39895343e+04 5.08878175e+04
 4.79376558e+04 4.51334453e+04 4.24696719e+04 3.99409187e+04
 3.75418716e+04 3.52673246e+04 3.31121846e+04 3.10714757e+04
 2.91403424e+04 2.73140530e+04 2.55880016e+04 2.39577106e+04
 2.24188322e+04 2.09671491e+04 1.95985755e+04 1.83091572e+04
 1.70950717e+04 1.59526275e+04 1.48782636e+04 1.38685481e+04
 1.29201773e+04 1.20299735e+04 1.11948840e+04 1.04119781e+04
 9.67844579e+03 8.99159470e+03 8.34884789e+03 7.74774110e+03
 7.18591997e+03 6.66113719e+03 6.17124950e+03 5.71421475e+03
 5.28808875e+03 4.89102225e+03 4.52125775e+03 4.17712643e+03
 3.85704494e+03 3.55951234e+03 3.28310696e+03 3.02648333e+03
 2.78836914e+03 2.56756219e+03 2.36292753e+03 2.17339447e+03
 1.99795379e+03 1.83565493e+03 1.68560332e+03 1.54695769e+03
 1.41892754e+03 1.30077064e+03 1.19179060e+03 1.09133458e+03
 9.98790950e+02