2.5060310e+20 2.5059863e+20 2.5058547e+20 2.5056362e+20 2.5053309e+20
 2.5049387e+20 2.5044598e+20 2.5038941e+20 2.5032417e+20 2.5025027e+20
 2.5016772e+20 2.5007653e+20 2.4997670e+20 2.4986824e+20 2.4975117e+20
 2.4962474e+20 2.4948883e+20 2.4934414e+20 2.4919069e+20 2.4902850e+20
 2.4885759e+20 2.4867906e+20 2.4849310e+20 2.4829868e+20 2.4809582e+20
 2.4788453e+20 2.4766450e+20 2.4743603e+20 2.4719917e+20 2.4695394e+20
 2.4669872e+20 2.4643509e+20 2.4616308e+20 2.4588430e+20 2.4559846e+20
 2.4530449e+20 2.4500274e+20 2.4469330e+20 2.4437586e+20 2.4404817e+20
 2.4371112e+20 2.4336448e+20 2.4300634e+20 2.4263716e+20 2.4225846e+20
 2.4187042e+20 2.4147108e+20 2.4105741e+20 2.4063292e+20 2.4020022e+20
 2.3975722e+20 2.3930261e+20 2.3883716e+20 2.3836340e+20 2.3788025e+20
 2.3738298e+20 2.3687396e+20 2.3635980e+20 2.3583631e+20 2.3529631e+20
 2.3474558e+20 2.3418619e+20 2.3361574e+20 2.3303428e+20 2.3243810e+20
 2.3183100e+20 2.3122166e+20 2.3059466e+20 2.2995007e+20 2.2931022e+20
 2.2865703e+20 2.2798768e+20 2.2730719e+20 2.2662040e+20 2.2592870e+20
 2.2521801e+20 2.2449680e+20 2.2376537e+20 2.2302477e+20 2.2227259e+20
 2.2150614e+20 2.2072657e+20 2.1994144e+20 2.1914743e+20 2.1833584e+20
 2.1751267e+20 2.1668667e+20 2.1585085e+20 2.1499559e+20 2.1413309e+20
 2.1326562e+20 2.1238920e+20 2.1149769e+20 2.1059890e+20 2.0970486e+20
 2.0880101e+20 2.0788995e+20 2.0697325e+20 2.0605331e+20 2.0513085e+20
 2.0420224e+20 2.0326696e+20 2.0232787e+20 2.0138891e+20 2.0044451e+20
 1.9949363e+20 1.9853987e+20 1.9758507e+20 1.9662733e+20 1.9566479e+20
 1.9470166e+20 1.9374152e+20 1.9278461e+20 1.9182721e+20 1.9086910e+20
 1.8991391e+20 1.8896231e+20 1.8801103e+20 1.8706027e+20 1.8611120e+20
 1.8516445e+20 1.8422018e+20 1.8327770e+20 1.8233631e+20 1.8139382e+20
 1.8045825e+20 1.7952465e+20 1.7859129e+20 1.7766082e+20 1.7673554e+20
 1.7581409e+20 1.7489453e+20 1.7397926e+20 1.7306698e+20 1.7215654e+20
 1.7125238e+20 1.7035147e+20 1.6945209e+20 1.6855577e+20 1.6766439e+20
 1.6677684e+20 1.6589118e+20 1.6501106e+20 1.6413203e+20 1.6325823e+20
 1.6239227e+20 1.6153274e+20 1.6067534e+20 1.5982538e+20 1.5898286e+20
 1.5814427e+20 1.5731148e+20 1.5648537e+20 1.5566379e+20 1.5484605e+20
 1.5403737e+20 1.5323264e+20 1.5243202e+20 1.5163761e+20 1.5084974e+20
 1.5006412e+20 0 0 0 0