-428480.84 -428502.5  -428566.23 -428672.02 -428819.81 -429009.53
 -429241.08 -429514.32 -429829.08 -430185.11 -430582.13 -431019.77
 -431497.58 -432014.99 -432571.35 -433169.44 -433808.9  -434485.27
 -435197.22 -435943.2  -436721.44 -437525.01 -438351.14 -439202.09
 -440075.09 -440967.07 -441876.04 -442797.07 -443725.88 -444658.07
 -445594.71 -446524.53 -447441.84 -448335.6  -449201.19 -450035.67
 -450831.19 -451580.63 -452277.42 -452917.92 -453491.06 -453962.55
 -454304.79 -454514.56 -454589.54 -454529.34 -454332.51 -453994.23
 -453514.67 -452897.23 -452139.82 -451239.89 -450198.78 -449023.5
 -447713.49 -446256.33 -444659.04 -442945.45 -441105.83 -439115.52
 -436995.54 -434756.09 -432390.03 -429899.9  -427271.99 -424525.69
 -421705.62 -418744.9  -415646.97 -412525.34 -409298.91 -405959.05
 -402537.06 -399064.46 -395556.08 -391953.98 -388325.45 -384681.39
 -381034.74 -377380.87 -373714.06 -370046.72 -366419.99 -362822.82
 -359221.39 -355647.72 -352142.79 -348679.06 -345220.99 -341821.43
 -338490.26 -335213.06 -331967.88 -328780.94 -325696.18 -322665.64
 -319701.95 -316813.51 -314010.42 -311296.81 -308664.37 -306114.52
 -303657.56 -301305.06 -299044.55 -296876.03 -294809.7  -292850.63
 -290995.84 -289244.51 -287616.03 -286121.58 -284763.98 -283541.2
 -282457.02 -281518.96 -280730.11 -280090.87 -279605.21 -279277.33
 -279110.67 -279108.33 -279273.58 -279610.25 -280123.78 -280812.86
 -281681.88 -282709.06 -283881.5  -285194.26 -286646.91 -288241.03
 -289970.82 -291836.79 -293839.98 -295968.48 -298226.95 -300618.27
 -303136.94 -305775.54 -308534.83 -311419.13 -314414.24 -317532.84
 -320734.15 -323988.72 -327295.17 -330664.06 -334068.39 -337501.48
 -340971.42 -344464.31 -347970.18 -351492.08 -355026.98 -358546.2
 -362066.03 -365579.95 -369073.06 -372538.25 -375988.8 