20729.095  20726.524  20718.962  20706.412  20688.884  20666.39
 20638.947  20606.575  20569.296  20527.138  20480.13   20428.308
 20371.707  20310.368  20244.335  20173.229  20097.026  20016.176
 19930.735  19840.767  19746.335  19648.11   19546.239  19440.216
 19330.115  19216.011  19097.797  18975.705  18849.84   18720.282
 18586.257  18448.677  18307.635  18164.046  18017.822  17868.487
 17716.31   17561.407  17403.7    17242.179  17077.385  16912.174
 16748.512  16586.572  16426.948  16269.601  16113.667  15958.022
 15804.015  15652.506  15502.673  15354.048  15206.868  15061.869
 14918.64   14775.782  14634.013  14495.089  14357.368  14218.289
 14079.368  13941.114  13802.921  13664.804  13525.915  13387.167
 13250.497  13112.437  12973.095  12837.25   12701.001  12563.808
 12426.741  12290.76   12156.102  12020.714  11888.054  11758.182
 11631.18   11506.544  11383.79   11263.072  11145.473  11030.371
 10916.483  10804.638  10695.926  10589.314  10483.572  10380.191
 10279.343  10180.482  10082.6     9985.2295  9889.4843  9793.7857
  9698.4111  9603.5214  9509.3528  9415.9622  9322.9726  9230.3272
  9138.3035  9047.2694  8956.6717  8866.407   8776.8086  8688.0366
  8599.8983  8512.1882  8425.0547  8338.7656  8253.3324  8168.4185
  8084.0013  8000.3962  7917.6509  7835.477   7753.8861  7672.9743
  7592.7888  7513.3363  7434.5518  7356.3731  7278.6136  7201.9288
  7125.9041  7050.4072  6975.6524  6901.814   6828.776   6756.3758
  6684.7949  6613.9251  6543.6691  6474.3618  6405.7611  6337.7306
  6270.3809  6203.8435  6138.0286  6072.7847  6008.3746  5944.4625
  5881.1934  5818.6641  5756.7704  5695.2029  5634.3435  5574.1896
  5514.4885  5455.3742  5396.9073  5338.9332  5281.4044  5224.6861
  5168.4172  5112.6095  5057.4072  5002.8316  4948.5849