-440859.62   -456973.51   -472909.15   -473890.68   -472557.77
 -470262.57   -467384.03   -464074.65   -460410.94   -456437.58
 -452183.79   -447671.37   -442917.54   -437936.13   -431913.28
 -425615.33   -420600.6    -416114.83   -411507.75   -406773.97
 -401542.6    -394909.15   -387868.69   -381228.94   -374471.23
 -360525.82   -344663.85   -335592.99   -327462.48   -334926.24
 -346581.     -341278.49   -326999.99   -305402.69   -291559.43
 -288053.53   -290065.61   -288162.64   -278235.6    -266599.51
 -257935.07   -249464.8    -241072.99   -235983.89   -232721.34
 -228376.42   -224583.62   -220954.74   -207011.67   -192321.44
 -191593.73   -194493.42   -190605.78   -184384.99   -176493.14
 -168116.64   -163324.49   -159679.98   -156009.19   -152206.66
 -146899.8    -142803.57   -140784.64   -134941.71   -127090.82
 -122189.21   -120058.52   -120136.44   -117471.41   -111400.08
 -104591.95   -100117.92    -98165.206   -96117.807   -93240.503
  -89038.448   -85004.718   -82992.716   -80822.446   -76972.391
  -73323.53    -70726.886   -70507.43    -69785.533   -66451.525
  -62719.477   -59323.966   -57788.766   -57727.507   -56776.651
  -54469.821   -51515.042   -49340.827   -48586.623   -47195.403
  -45587.125   -44520.89    -42913.119   -41712.55    -40848.852
  -39138.774   -37077.879   -35860.211   -35405.496   -34915.9
  -33716.48    -31946.172   -30210.536   -29074.764   -28529.592
  -28060.764   -27352.088   -26174.523   -24737.352   -24158.11
  -23649.198   -22550.27    -21857.547   -21197.362   -20310.554
  -19842.248   -19411.785   -18364.697   -17361.061   -16799.742
  -16524.593   -16159.959   -15426.48    -14533.145   -13751.397
  -13258.266   -12919.407   -12208.097   -12307.075   -12192.817
  -11187.508   -10897.624   -10643.278   -10155.559    -9785.6624
   -9503.7287   -9156.7954   -8881.7234   -8524.1516   -8090.3973
   -7767.3267   -7559.7486   -7394.3196   -7260.6958   -7061.3331
   -6758.0272   -6481.856    -6305.9171   -6117.2728   -5938.8149
   -5808.2073   -5595.2091   -5329.9272   -5269.423    -5233.634
   -5050.6651