1.2079074e+20 1.2078859e+20 1.2078224e+20 1.2077171e+20 1.2075699e+20
 1.2073809e+20 1.2071500e+20 1.2068774e+20 1.2065629e+20 1.2062067e+20
 1.2058088e+20 1.2053693e+20 1.2048881e+20 1.2043653e+20 1.2038010e+20
 1.2031916e+20 1.2025365e+20 1.2018391e+20 1.2010995e+20 1.2003177e+20
 1.1994939e+20 1.1986334e+20 1.1977371e+20 1.1968000e+20 1.1958221e+20
 1.1948037e+20 1.1937432e+20 1.1926419e+20 1.1915002e+20 1.1903182e+20
 1.1890880e+20 1.1878173e+20 1.1865062e+20 1.1851625e+20 1.1837847e+20
 1.1823677e+20 1.1809133e+20 1.1794218e+20 1.1778917e+20 1.1763122e+20
 1.1746876e+20 1.1730168e+20 1.1712905e+20 1.1695110e+20 1.1676857e+20
 1.1658154e+20 1.1638905e+20 1.1618966e+20 1.1598506e+20 1.1577650e+20
 1.1556297e+20 1.1534385e+20 1.1511951e+20 1.1489115e+20 1.1465828e+20
 1.1441859e+20 1.1417325e+20 1.1392542e+20 1.1367311e+20 1.1341283e+20
 1.1314738e+20 1.1287775e+20 1.1260280e+20 1.1232254e+20 1.1203518e+20
 1.1174255e+20 1.1144885e+20 1.1114664e+20 1.1083595e+20 1.1052754e+20
 1.1021270e+20 1.0989007e+20 1.0956207e+20 1.0923104e+20 1.0889763e+20
 1.0855508e+20 1.0820745e+20 1.0785490e+20 1.0749793e+20 1.0713538e+20
 1.0676595e+20 1.0639019e+20 1.0601176e+20 1.0562905e+20 1.0523786e+20
 1.0484109e+20 1.0444297e+20 1.0404010e+20 1.0362787e+20 1.0321214e+20
 1.0279402e+20 1.0237159e+20 1.0194189e+20 1.0150867e+20 1.0107775e+20
 1.0064209e+20 1.0020296e+20 9.9761110e+19 9.9317701e+19 9.8873075e+19
 9.8425487e+19 9.7974681e+19 9.7522041e+19 9.7069460e+19 9.6614259e+19
 9.6155936e+19 9.5696220e+19 9.5236007e+19 9.4774372e+19 9.4310428e+19
 9.3846199e+19 9.3383411e+19 9.2922177e+19 9.2460709e+19 9.1998899e+19
 9.1538501e+19 9.1079826e+19 9.0621312e+19 9.0163046e+19 8.9705594e+19
 8.9249261e+19 8.8794123e+19 8.8339846e+19 8.7886100e+19 8.7431818e+19
 8.6980874e+19 8.6530881e+19 8.6081004e+19 8.5632521e+19 8.5186532e+19
 8.4742397e+19 8.4299170e+19 8.3858008e+19 8.3418292e+19 8.2979459e+19
 8.2543653e+19 8.2109412e+19 8.1675910e+19 8.1243886e+19 8.0814238e+19
 8.0386440e+19 7.9959548e+19 7.9535330e+19 7.9111636e+19 7.8690463e+19
 7.8273072e+19 7.7858776e+19 7.7445505e+19 7.7035825e+19 7.6629732e+19
 7.6225529e+19 7.5824124e+19 7.5425942e+19 7.5029938e+19 7.4635786e+19
 7.4246006e+19 7.3858125e+19 7.3472230e+19 7.3089326e+19 7.2709572e+19
 7.2330904e+19