-369958.78  -369922.2   -369814.59  -369636.    -369386.52  -369066.3
 -368675.54  -368214.44  -367683.28  -367082.36  -366412.02  -365672.66
 -364864.69  -363988.57  -363044.81  -362027.83  -360937.17  -359779.06
 -358554.17  -357263.22  -355906.94  -354494.79  -353028.71  -351501.23
 -349913.2   -348265.5   -346556.37  -344788.91  -342964.41  -341083.79
 -339135.57  -337132.69  -335076.28  -332979.41  -330840.63  -328652.7
 -326419.3   -324141.9   -321819.11  -319435.69  -316999.31  -314532.39
 -312044.98  -309540.68  -307029.89  -304513.53  -301978.94  -299408.22
 -296824.18  -294242.6   -291650.88  -289041.83  -286420.46  -283801.11
 -281177.68  -278525.23  -275857.56  -273209.03  -270554.86  -267854.68
 -265138.43  -262416.81  -259678.58  -256924.69  -254138.62  -251339.12
 -248566.22  -245750.2   -242893.38  -240094.57  -237274.39  -234421.96
 -231559.93  -228709.    -225874.89  -223008.24  -220164.38  -217345.06
 -214553.56  -211780.25  -209015.38  -206263.3   -203550.13  -200863.2
 -198173.39  -195501.01  -192873.58  -190267.71  -187653.99  -185069.96
 -182521.43  -179995.88  -177472.92  -174962.03  -172494.83  -170030.92
 -167577.75  -165139.72  -162723.19  -160329.84  -157950.25  -155583.23
 -153236.1   -150918.44  -148616.35  -146327.42  -144060.3   -141819.21
 -139599.42  -137395.78  -135211.06  -133051.9   -130918.75  -128803.36
 -126705.35  -124632.73  -122586.78  -120560.49  -118554.29  -116570.66
 -114610.85  -112675.11  -110761.93  -108869.89  -106994.57  -105151.82
 -103331.95  -101536.4    -99771.665  -98041.443  -96342.592  -94670.975
  -93030.434  -91418.117  -89831.502  -88277.777  -86751.128  -85248.228
  -83771.23   -82322.683  -80900.282  -79500.466  -78128.563  -76777.212
  -75454.178  -74163.744  -72903.005  -71665.085  -70457.076  -69278.215
  -68122.948  -66993.323  -65889.904  -64809.222  -63749.922  -62718.173
  -61706.851  -60715.751  -59746.97   -58800.381  -57870.415