23788.686  23785.681  23776.839  23762.165  23741.671  23715.372
 23683.287  23645.44   23601.858  23552.573  23497.622  23437.045
 23370.885  23299.191  23222.015  23138.915  23049.866  22955.391
 22855.562  22750.45   22640.133  22525.395  22406.411  22282.589
 22154.017  22020.786  21882.772  21740.247  21593.336  21442.133
 21285.738  21125.217  20960.68   20793.195  20622.664  20448.531
 20271.112  20090.545  19906.74   19718.523  19526.525  19333.556
 19141.401  18950.294  18760.968  18573.419  18386.648  18199.323
 18013.086  17829.009  17646.131  17463.905  17282.645  17103.288
 16925.358  16747.135  16569.53   16394.772  16221.003  16045.294
 15869.577  15694.514  15519.351  15344.125  15167.769  14991.457
 14817.667  14642.003  14464.613  14291.596  14117.999  13943.145
 13768.41   13595.032  13423.323  13250.708  13081.671  12916.29
 12754.658  12596.127  12440.079  12286.7    12137.36   11991.266
 11846.779  11704.95   11567.152  11432.071  11298.145  11167.256
 11039.618  10914.533  10790.743  10667.751  10546.974  10426.418
 10306.434  10187.226  10069.089   9952.0945  9835.7684  9720.0405
  9605.258   9491.8774  9379.2084  9267.123   9156.0347  9046.1403
  8937.1996  8828.8838  8720.7842  8613.1313  8505.973   8398.9166
  8291.9598  8185.5301  8079.7193  7974.1866  7868.9722  7764.2257
  7660.0347  7556.4339  7453.3637  7350.7664  7248.4187  7147.2076
  7046.6486  6947.2371  6849.4774  6753.5725  6659.3464  6566.568
  6475.449   6385.8295  6297.5681  6211.0638  6125.9923  6042.1671
  5959.7077  5878.7558  5799.1827  5720.7887  5643.8723  5568.0234
  5493.8396  5421.6511  5351.2881  5282.3615  5215.2607  5149.9365
  5086.0756  5023.7862  4963.0938  4903.8028  4845.8346  4789.5217
  4734.4703  4680.6655  4628.2173  4577.114   4527.0517